273402 100 292
273403 1 53
273406 1 112
273404 1 18
273405 1 25
273503 1 598
273425 62 352
273425 354 733
273408 1 6
273409 1 309
273448 1 391
273449 1 214
273446 1 33
273447 1 113
273447 115 412
273302 1 459
273554 77 437
273555 1 173
273730 1 1814
273730 1820 2126
273502 73 256
273502 258 318
273502 320 813
273502 815 1064
273411 1 29
273410 1 90
273725 83 252
273725 254 2545
273728 1 100
273158 1 1279
273450 1 214
273450 219 647
273493 1 233
273492 71 71
273492 73 282
273492 284 325
273492 327 338
273494 1 192
